0 0.61875 0.4984375 0.3296875 0.12265625
0 0.2390625 0.5015625 0.37734375 0.18515625
0 0.8890625 0.51796875 0.21171875 0.13203125
0 0.6140625 0.6140625 0.30546875 0.13671875
0 0.875 0.63359375 0.240625 0.1421875
0 0.2875 0.6453125 0.3390625 0.12265625
0 0.5890625 0.696875 0.27890625 0.10078125
0 0.84765625 0.73046875 0.26171875 0.125
0 0.30078125 0.74765625 0.321875 0.10078125
0 0.31015625 0.15 0.384375 0.18515625
0 0.89765625 0.33203125 0.19453125 0.2546875
0 0.2640625 0.3453125 0.384375 0.2140625
0 0.62734375 0.34765625 0.35546875 0.2046875