0 0.8421875 0.4375 0.146875 0.16328125
0 0.709375 0.43359375 0.1296875 0.146875
0 0.85 0.578125 0.1421875 0.1515625
0 0.7765625 0.625 0.1921875 0.0578125
0 0.76171875 0.65234375 0.1734375 0.05078125
0 0.8171875 0.66328125 0.2984375 0.0625
0 0.71171875 0.56484375 0.125 0.125
0 0.58203125 0.44140625 0.1390625 0.1421875
0 0.57578125 0.56640625 0.146875 0.1421875
0 0.446875 0.44375 0.1296875 0.12734375
0 0.4375 0.56875 0.1203125 0.13203125
0 0.521875 0.6578125 0.29296875 0.06953125
0 0.33046875 0.50234375 0.1078125 0.1875
0 0.29296875 0.61640625 0.15859375 0.09375
0 0.25625 0.6546875 0.09375 0.03125
0 0.22109375 0.43515625 0.1921875 0.28359375
0 0.1234375 0.58046875 0.18984375 0.209375