0 0.77421875 0.51328125 0.3078125 0.50703125
0 0.8109375 0.1671875 0.24765625 0.2859375
0 0.5515625 0.3484375 0.19921875 0.446875
0 0.61875 0.6390625 0.1515625 0.1828125
0 0.609375 0.759375 0.13203125 0.14921875
0 0.45078125 0.68046875 0.18515625 0.1828125
0 0.453125 0.82109375 0.209375 0.165625
0 0.3796875 0.46875 0.27890625 0.3890625
0 0.1703125 0.4890625 0.14921875 0.3484375
0 0.12734375 0.75703125 0.1921875 0.2359375
0 0.2328125 0.8171875 0.1921875 0.2984375
0 0.28359375 0.7203125 0.125 0.25234375