0 0.45234375 0.45 0.13125 0.12734375
0 0.33203125 0.51015625 0.1125 0.184375
0 0.5796875 0.57578125 0.1453125 0.13828125
0 0.44296875 0.5796875 0.12109375 0.128125
0 0.71171875 0.58515625 0.12578125 0.14765625
0 0.12421875 0.584375 0.1953125 0.21796875
0 0.85 0.584375 0.14375 0.14609375
0 0.29765625 0.62421875 0.16875 0.09296875
0 0.52734375 0.659375 0.2984375 0.08359375
0 0.8234375 0.66953125 0.3046875 0.05859375
0 0.2234375 0.428125 0.20625 0.2953125
0 0.7109375 0.434375 0.1421875 0.14765625
0 0.584375 0.44140625 0.1375 0.14453125
0 0.85078125 0.4390625 0.14609375 0.1578125