0 0.32890625 0.71796875 0.27890625 0.2296875
0 0.74765625 0.7203125 0.15625 0.321875
0 0.60859375 0.72734375 0.2578125 0.21640625
0 0.14453125 0.75078125 0.165625 0.37109375
0 0.38984375 0.86875 0.27734375 0.2265625
0 0.65546875 0.86875 0.2640625 0.21640625
0 0.39921875 0.2453125 0.1734375 0.33828125
0 0.72890625 0.246875 0.27265625 0.16796875
0 0.57109375 0.2578125 0.1671875 0.23359375
0 0.171875 0.396875 0.190625 0.38046875
0 0.715625 0.4390625 0.23203125 0.2484375
0 0.29453125 0.51875 0.2546875 0.29765625