0 0.41875 0.45078125 0.096875 0.2046875
0 0.2640625 0.46015625 0.1 0.18828125
0 0.57265625 0.50390625 0.21640625 0.1953125
0 0.33359375 0.55390625 0.12265625 0.14296875
0 0.47734375 0.5890625 0.12421875 0.2046875
0 0.125 0.6375 0.115625 0.203125
0 0.35859375 0.64765625 0.13671875 0.1703125
0 0.21171875 0.7109375 0.16484375 0.16328125
0 0.19765625 0.81171875 0.17265625 0.159375
0 0.4515625 0.87109375 0.17109375 0.24140625
0 0.11640625 0.9375 0.08046875 0.125
0 0.29921875 0.346875 0.10703125 0.121875