0 0.10546875 0.52734375 0.1578125 0.2421875
0 0.253125 0.65 0.265625 0.253125
0 0.3703125 0.709375 0.21875 0.265625
0 0.64375 0.73515625 0.20625 0.2046875
0 0.51875 0.64453125 0.334375 0.3390625
0 0.41796875 0.41875 0.1765625 0.15
0 0.25859375 0.4359375 0.2578125 0.234375
0 0.81640625 0.66640625 0.2953125 0.2234375
0 0.77421875 0.47734375 0.3046875 0.2640625
0 0.58359375 0.44296875 0.2484375 0.1640625
0 0.653125 0.30390625 0.184375 0.1328125
0 0.5140625 0.26171875 0.271875 0.2140625
0 0.33515625 0.2953125 0.1484375 0.153125