0 0.12890625 0.20390625 0.16171875 0.25859375
0 0.3515625 0.19921875 0.2359375 0.25
0 0.609375 0.2015625 0.2234375 0.22578125
0 0.84765625 0.19609375 0.18515625 0.27265625
0 0.16015625 0.51171875 0.26328125 0.2203125
0 0.42421875 0.51171875 0.21328125 0.259375
0 0.6421875 0.51484375 0.19765625 0.24609375
0 0.84765625 0.5125 0.18125 0.21640625
0 0.134375 0.81015625 0.225 0.21640625
0 0.3703125 0.80703125 0.1875 0.20625
0 0.61796875 0.8109375 0.28984375 0.2515625
0 0.8671875 0.81015625 0.18125 0.24609375