0 0.23125 0.37578125 0.2171875 0.325
0 0.6484375 0.2171875 0.09453125 0.17890625
0 0.81875 0.39765625 0.13671875 0.20390625
0 0.83671875 0.628125 0.18671875 0.271875
0 0.2890625 0.778125 0.1890625 0.36015625
0 0.103125 0.73671875 0.1796875 0.4
0 0.56875 0.64609375 0.12734375 0.2296875
0 0.59765625 0.4421875 0.14453125 0.2109375
0 0.66875 0.6265625 0.1140625 0.22421875
0 0.45859375 0.53515625 0.07890625 0.1390625
0 0.4453125 0.71328125 0.1421875 0.2671875
0 0.37265625 0.54140625 0.11484375 0.1359375
0 0.934375 0.528125 0.090625 0.15625
0 0.65390625 0.3875 0.1171875 0.2078125
0 0.75390625 0.5859375 0.075 0.23984375
0 0.24140625 0.68984375 0.1390625 0.2703125